test 1 2 3
test 1 2 3
123
456
123
456
123123test 1 2 3
test 1 2 3
123
456
123
456
123123test 1 2 3
test 1 2 3
123
456
123
456
123123test 1 2 3
test 1 2 3
123
456
123
456
123123test 1 2 3
test 1 2 3
123
456
123
456
123123test 1 2 3
test 1 2 3
123
456
123
456
123123test 1 2 3
test 1 2 3
123
456
123
456
123123test 1 2 3
test 1 2 3
123
456
123
456
123123test 1 2 3
test 1 2 3
123
456
123123test 1 2 3
test 1 2 3
123
456
123123test 1 2 3
123
456
123123test 1 2 3
test 1 2 3
123
456
123
456
123123test 1 2 3
test 1 2 3
123
456
123
456
123123